%YAML:1.0
---
p: !!opencv-matrix
   rows: 677
   cols: 2
   dt: i
   data: [ 20, 905, 20, 919, 20, 931, 19, 944, 5, 904, 5, 919, 5, 932, 6,
       945, 20, 952, 5, 889, 5, 874, 26, 894, 25, 881, 32, 874, 33, 888,
       41, 902, 41, 888, 41, 875, 55, 895, 55, 881, 55, 867, 70, 896, 70,
       881, 70, 867, 86, 901, 85, 888, 84, 874, 84, 860, 100, 896, 98,
       881, 98, 867, 39, 918, 40, 931, 41, 944, 54, 910, 54, 924, 55,
       937, 55, 951, 62, 902, 62, 911, 69, 923, 69, 937, 70, 951, 69,
       910, 83, 904, 84, 917, 84, 930, 85, 943, 99, 910, 99, 923, 100,
       937, 100, 951, 113, 903, 113, 916, 114, 930, 115, 942, 116, 958,
       116, 851, 117, 866, 118, 880, 118, 894, 130, 858, 131, 873, 132,
       887, 133, 901, 144, 851, 145, 865, 146, 880, 148, 894, 158, 858,
       159, 872, 161, 886, 161, 900, 171, 851, 173, 865, 174, 879, 175,
       893, 186, 857, 186, 871, 188, 885, 195, 839, 132, 916, 133, 930,
       134, 942, 146, 909, 147, 923, 148, 936, 149, 949, 161, 915, 161,
       929, 163, 942, 175, 908, 175, 921, 176, 935, 177, 948, 188, 901,
       189, 914, 190, 928, 191, 940, 202, 907, 203, 921, 205, 934, 206,
       948, 205, 895, 210, 961, 213, 834, 215, 852, 216, 870, 219, 888,
       221, 905, 222, 923, 224, 940, 226, 957, 230, 833, 232, 851, 234,
       870, 236, 888, 238, 905, 240, 922, 242, 939, 243, 955, 245, 972,
       215, 981, 246, 832, 248, 850, 250, 869, 253, 887, 255, 904, 257,
       922, 259, 938, 261, 955, 262, 971, 263, 831, 266, 850, 268, 868,
       270, 886, 273, 904, 274, 922, 276, 938, 278, 954, 280, 970, 279,
       830, 281, 849, 284, 867, 287, 885, 289, 903, 292, 920, 294, 937,
       296, 953, 297, 969, 295, 830, 298, 848, 301, 866, 304, 884, 306,
       902, 308, 919, 310, 936, 312, 953, 315, 969, 311, 828, 314, 847,
       316, 865, 319, 883, 322, 900, 324, 919, 326, 935, 329, 952, 331,
       968, 326, 827, 329, 846, 332, 864, 335, 882, 338, 900, 340, 918,
       343, 934, 345, 950, 347, 967, 322, 809, 338, 809, 341, 826, 344,
       845, 347, 863, 350, 881, 353, 899, 356, 916, 359, 933, 361, 949,
       363, 966, 355, 825, 351, 807, 359, 843, 362, 861, 365, 879, 367,
       897, 371, 915, 374, 931, 377, 948, 378, 964, 366, 806, 369, 823,
       373, 842, 377, 860, 380, 878, 382, 896, 387, 913, 388, 930, 392,
       947, 393, 964, 379, 805, 383, 822, 387, 841, 391, 859, 394, 877,
       397, 895, 400, 913, 403, 929, 406, 946, 408, 962, 393, 803, 397,
       822, 401, 840, 404, 858, 407, 875, 410, 894, 413, 911, 416, 929,
       419, 944, 422, 962, 401, 792, 409, 826, 412, 845, 415, 863, 419,
       879, 421, 890, 425, 898, 428, 915, 431, 932, 434, 947, 435, 971,
       418, 826, 422, 844, 425, 861, 429, 878, 427, 822, 431, 840, 435,
       859, 438, 877, 435, 886, 437, 819, 441, 838, 445, 857, 449, 875,
       445, 885, 447, 815, 451, 835, 455, 854, 460, 873, 456, 884, 457,
       812, 462, 832, 466, 852, 470, 871, 467, 882, 434, 897, 438, 915,
       441, 931, 444, 947, 440, 956, 443, 897, 447, 914, 451, 931, 454,
       948, 450, 956, 455, 895, 458, 912, 462, 931, 465, 948, 461, 957,
       465, 894, 470, 912, 473, 931, 477, 949, 473, 957, 477, 902, 481,
       921, 485, 939, 483, 958, 467, 809, 469, 819, 471, 829, 476, 850,
       481, 871, 477, 883, 485, 892, 489, 911, 493, 931, 497, 950, 492,
       959, 478, 805, 483, 827, 488, 847, 492, 868, 489, 881, 497, 891,
       501, 910, 505, 930, 509, 950, 504, 959, 489, 801, 495, 822, 500,
       844, 505, 866, 501, 879, 509, 889, 514, 910, 518, 930, 521, 950,
       517, 960, 500, 795, 507, 818, 512, 840, 517, 863, 514, 877, 522,
       887, 527, 908, 531, 930, 535, 950, 530, 962, 507, 792, 513, 789,
       515, 800, 521, 825, 527, 848, 532, 872, 537, 895, 542, 918, 547,
       940, 551, 961, 521, 785, 527, 808, 534, 834, 539, 858, 545, 883,
       550, 906, 556, 929, 561, 951, 531, 794, 538, 818, 544, 844, 549,
       869, 555, 893, 561, 917, 565, 940, 570, 963, 535, 779, 542, 803,
       548, 829, 554, 854, 560, 881, 565, 905, 571, 928, 576, 952, 545,
       788, 552, 813, 558, 840, 565, 866, 570, 891, 576, 915, 581, 940,
       585, 964, 548, 772, 556, 797, 562, 824, 569, 850, 574, 877, 580,
       903, 586, 927, 591, 952, 559, 781, 567, 809, 574, 835, 578, 862,
       585, 888, 591, 914, 596, 940, 601, 965, 562, 764, 570, 790, 577,
       818, 584, 846, 590, 873, 596, 900, 602, 926, 608, 952, 573, 773,
       581, 802, 588, 829, 594, 857, 601, 885, 607, 912, 613, 939, 618,
       964, 576, 756, 585, 784, 592, 813, 599, 841, 606, 869, 612, 897,
       619, 925, 624, 951, 588, 765, 596, 795, 603, 824, 609, 854, 617,
       882, 624, 910, 630, 938, 634, 964, 589, 745, 598, 777, 606, 808,
       614, 836, 622, 862, 627, 896, 634, 925, 640, 952, 645, 967, 585,
       718, 589, 729, 598, 759, 607, 790, 614, 818, 621, 849, 597, 709,
       603, 731, 613, 750, 622, 781, 632, 812, 639, 843, 600, 740, 610,
       770, 618, 800, 627, 831, 628, 877, 636, 907, 642, 936, 648, 962,
       634, 861, 641, 890, 648, 921, 654, 950, 647, 874, 654, 905, 660,
       934, 667, 965, 672, 980, 663, 979, 603, 702, 607, 716, 616, 730,
       626, 760, 634, 791, 643, 825, 651, 855, 659, 887, 666, 919, 673,
       949, 676, 968, 610, 698, 617, 721, 629, 739, 638, 772, 648, 804,
       656, 838, 660, 852, 663, 869, 670, 901, 679, 933, 685, 963, 687,
       980, 616, 692, 619, 705, 626, 699, 631, 718, 641, 750, 651, 782,
       660, 817, 668, 850, 676, 883, 684, 916, 691, 949, 693, 969, 627,
       682, 636, 705, 645, 727, 655, 762, 664, 796, 673, 832, 682, 864,
       690, 898, 697, 932, 704, 964, 703, 981, 638, 687, 647, 704, 659,
       738, 669, 773, 679, 807, 687, 843, 695, 878, 704, 913, 711, 947,
       720, 981, 716, 968, 640, 668, 652, 676, 656, 695, 662, 714, 673,
       749, 683, 786, 693, 821, 701, 858, 710, 894, 718, 929, 724, 962,
       665, 687, 676, 723, 687, 761, 696, 798, 705, 835, 715, 872, 723,
       909, 730, 946, 736, 980, 678, 699, 689, 737, 698, 775, 709, 815,
       718, 849, 727, 888, 735, 927, 740, 967, 667, 650, 673, 665, 675,
       639, 682, 627, 691, 617, 700, 606, 708, 594, 715, 581, 723, 567,
       731, 552, 680, 657, 689, 647, 697, 636, 707, 625, 715, 613, 723,
       600, 730, 587, 738, 571, 746, 555, 675, 674, 687, 711, 699, 749,
       709, 788, 719, 826, 729, 865, 737, 904, 745, 942, 752, 981, 690,
       684, 702, 721, 714, 763, 726, 806, 734, 841, 744, 883, 753, 923,
       759, 962, 762, 981, 692, 657, 705, 694, 717, 733, 729, 775, 739,
       816, 750, 859, 758, 900, 767, 942, 772, 981, 707, 663, 720, 705,
       731, 745, 743, 789, 755, 831, 765, 876, 774, 919, 782, 961, 781,
       981, 708, 633, 722, 673, 735, 717, 748, 759, 759, 805, 770, 850,
       781, 894, 790, 938, 791, 979, 724, 641, 738, 684, 751, 728, 762,
       775, 775, 820, 786, 867, 796, 915, 804, 960, 802, 981, 813, 980,
       725, 610, 739, 651, 753, 693, 767, 741, 779, 789, 791, 836, 802,
       886, 811, 934, 741, 615, 756, 660, 770, 707, 783, 757, 795, 805,
       807, 857, 818, 908, 826, 959, 742, 581, 758, 623, 772, 669, 786,
       718, 800, 771, 812, 825, 824, 878, 835, 931, 824, 980, 834, 979,
       844, 978, 850, 956, 839, 900, 829, 843, 816, 787, 802, 733, 788,
       679, 773, 632, 757, 585, 816, 714, 827, 699, 834, 682, 846, 663,
       804, 696, 818, 672, 828, 653, 811, 643, 801, 660, 793, 634, 803,
       617, 773, 596, 780, 619, 785, 609, 787, 644, 824, 742, 834, 728,
       810, 761, 844, 712, 841, 758, 831, 770, 832, 807, 843, 828, 847,
       789, 844, 866, 838, 956 ]
