%YAML:1.0
---
p: !!opencv-matrix
   rows: 155
   cols: 2
   dt: i
   data: [ 735, 243, 822, 403, 855, 513, 907, 852, 886, 852, 873, 852,
       907, 867, 908, 881, 908, 896, 909, 911, 910, 933, 910, 967, 910,
       982, 910, 998, 910, 1013, 910, 1034, 887, 1039, 909, 1047, 909,
       1062, 909, 1077, 908, 1092, 907, 1106, 888, 1054, 887, 1068, 887,
       1083, 887, 1097, 887, 1111, 923, 1053, 937, 1053, 949, 1054, 929,
       1068, 942, 1069, 929, 1083, 942, 1084, 928, 1098, 942, 1099, 928,
       1112, 942, 1114, 908, 1125, 921, 1126, 934, 1127, 947, 1128, 955,
       1128, 944, 1355, 904, 1347, 862, 1340, 954, 1332, 955, 1317, 956,
       1301, 957, 1285, 937, 1343, 920, 1340, 904, 1337, 886, 1334, 870,
       1331, 850, 1327, 938, 1329, 941, 1299, 942, 1269, 945, 1235, 945,
       1200, 947, 1165, 932, 1145, 930, 1181, 929, 1216, 927, 1249, 925,
       1282, 922, 1312, 913, 1162, 913, 1197, 911, 1231, 908, 1263, 906,
       1294, 904, 1324, 898, 1142, 896, 1178, 894, 1212, 893, 1245, 890,
       1276, 888, 1306, 879, 1158, 878, 1193, 876, 1226, 874, 1257, 872,
       1288, 870, 1317, 851, 1314, 852, 1299, 853, 1285, 855, 1270, 856,
       1255, 857, 1239, 858, 1223, 859, 1207, 873, 1109, 873, 1096, 873,
       1082, 873, 1068, 874, 1053, 874, 1038, 923, 1034, 936, 1035, 950,
       1035, 924, 1020, 924, 1004, 924, 989, 923, 974, 924, 959, 937,
       1020, 937, 1005, 937, 989, 937, 974, 937, 959, 949, 1021, 950,
       1005, 949, 989, 950, 974, 949, 959, 956, 1028, 956, 1013, 956,
       997, 956, 981, 956, 966, 955, 1114, 955, 1099, 955, 1085, 955,
       1070, 947, 1147, 835, 1437, 845, 1439, 888, 1449, 899, 1450, 943,
       1460, 953, 1462, 766, 1593, 779, 1597, 848, 1616, 862, 1619, 939,
       1637, 952, 1639, 560, 1757, 560, 1752, 543, 1749, 523, 1771, 484,
       1801, 509, 1809, 609, 1837, 640, 1845, 848, 1388, 805, 1515, 895,
       1397, 873, 1531, 942, 1407, 943, 1544, 842, 1885 ]
q: !!opencv-matrix
   rows: 155
   cols: 2
   dt: i
   data: [ 136, 231, 74, 398, 57, 512, 40, 859, 20, 857, 7, 856, 39, 873,
       39, 888, 38, 903, 38, 918, 39, 940, 37, 974, 37, 990, 37, 1005,
       37, 1021, 38, 1042, 16, 1049, 37, 1055, 37, 1071, 38, 1085, 38,
       1100, 38, 1114, 17, 1064, 17, 1079, 17, 1094, 18, 1108, 18, 1123,
       52, 1060, 66, 1059, 79, 1058, 58, 1074, 72, 1073, 59, 1088, 72,
       1088, 59, 1103, 73, 1102, 59, 1117, 73, 1116, 39, 1133, 53, 1131,
       66, 1130, 81, 1129, 89, 1128, 110, 1344, 68, 1352, 27, 1360, 116,
       1319, 114, 1304, 112, 1289, 111, 1275, 100, 1336, 81, 1339, 64,
       1342, 46, 1345, 31, 1349, 13, 1352, 98, 1321, 94, 1293, 91, 1263,
       89, 1231, 86, 1199, 83, 1164, 65, 1148, 67, 1183, 69, 1217, 72,
       1250, 76, 1281, 79, 1311, 49, 1169, 51, 1203, 53, 1237, 56, 1269,
       59, 1299, 63, 1329, 31, 1153, 32, 1188, 35, 1222, 37, 1256, 40,
       1287, 44, 1318, 14, 1172, 17, 1207, 19, 1241, 23, 1275, 26, 1305,
       28, 1336, 12, 1339, 11, 1324, 9, 1308, 7, 1292, 6, 1277, 4, 1261,
       3, 1244, 1, 1226, 5, 1124, 5, 1109, 5, 1094, 4, 1080, 4, 1065, 4,
       1049, 51, 1041, 65, 1041, 79, 1040, 51, 1026, 51, 1011, 51, 997,
       51, 982, 51, 966, 65, 1026, 65, 1011, 65, 997, 65, 981, 66, 966,
       79, 1026, 79, 1011, 79, 996, 79, 981, 79, 967, 87, 1032, 87, 1018,
       87, 1003, 86, 988, 86, 974, 88, 1115, 88, 1101, 88, 1087, 87,
       1072, 82, 1146, 24, 1466, 33, 1464, 76, 1454, 86, 1451, 134, 1440,
       145, 1437, 36, 1641, 51, 1638, 118, 1621, 133, 1617, 212, 1594,
       226, 1589, 113, 1839, 99, 1838, 83, 1845, 138, 1863, 215, 1880,
       249, 1869, 377, 1842, 407, 1832, 23, 1411, 27, 1550, 69, 1402, 93,
       1542, 118, 1392, 167, 1520, 546, 1786 ]
