%YAML:1.0
---
p: !!opencv-matrix
   rows: 155
   cols: 2
   dt: i
   data: [ 243, 735, 403, 822, 513, 855, 852, 907, 852, 886, 852, 873,
       867, 907, 881, 908, 896, 908, 911, 909, 933, 910, 967, 910, 982,
       910, 998, 910, 1013, 910, 1034, 910, 1039, 887, 1047, 909, 1062,
       909, 1077, 909, 1092, 908, 1106, 907, 1054, 888, 1068, 887, 1083,
       887, 1097, 887, 1111, 887, 1053, 923, 1053, 937, 1054, 949, 1068,
       929, 1069, 942, 1083, 929, 1084, 942, 1098, 928, 1099, 942, 1112,
       928, 1114, 942, 1125, 908, 1126, 921, 1127, 934, 1128, 947, 1128,
       955, 1355, 944, 1347, 904, 1340, 862, 1332, 954, 1317, 955, 1301,
       956, 1285, 957, 1343, 937, 1340, 920, 1337, 904, 1334, 886, 1331,
       870, 1327, 850, 1329, 938, 1299, 941, 1269, 942, 1235, 945, 1200,
       945, 1165, 947, 1145, 932, 1181, 930, 1216, 929, 1249, 927, 1282,
       925, 1312, 922, 1162, 913, 1197, 913, 1231, 911, 1263, 908, 1294,
       906, 1324, 904, 1142, 898, 1178, 896, 1212, 894, 1245, 893, 1276,
       890, 1306, 888, 1158, 879, 1193, 878, 1226, 876, 1257, 874, 1288,
       872, 1317, 870, 1314, 851, 1299, 852, 1285, 853, 1270, 855, 1255,
       856, 1239, 857, 1223, 858, 1207, 859, 1109, 873, 1096, 873, 1082,
       873, 1068, 873, 1053, 874, 1038, 874, 1034, 923, 1035, 936, 1035,
       950, 1020, 924, 1004, 924, 989, 924, 974, 923, 959, 924, 1020,
       937, 1005, 937, 989, 937, 974, 937, 959, 937, 1021, 949, 1005,
       950, 989, 949, 974, 950, 959, 949, 1028, 956, 1013, 956, 997, 956,
       981, 956, 966, 956, 1114, 955, 1099, 955, 1085, 955, 1070, 955,
       1147, 947, 1437, 835, 1439, 845, 1449, 888, 1450, 899, 1460, 943,
       1462, 953, 1593, 766, 1597, 779, 1616, 848, 1619, 862, 1637, 939,
       1639, 952, 1757, 560, 1752, 560, 1749, 543, 1771, 523, 1801, 484,
       1809, 509, 1837, 609, 1845, 640, 1388, 848, 1515, 805, 1397, 895,
       1531, 873, 1407, 942, 1544, 943, 1885, 842 ]
q: !!opencv-matrix
   rows: 155
   cols: 2
   dt: i
   data: [ 231, 1006, 398, 944, 512, 927, 859, 910, 857, 890, 856, 877,
       873, 909, 888, 909, 903, 908, 918, 908, 940, 909, 974, 907, 990,
       907, 1005, 907, 1021, 907, 1042, 908, 1049, 886, 1055, 907, 1071,
       907, 1085, 908, 1100, 908, 1114, 908, 1064, 887, 1079, 887, 1094,
       887, 1108, 888, 1123, 888, 1060, 922, 1059, 936, 1058, 949, 1074,
       928, 1073, 942, 1088, 929, 1088, 942, 1103, 929, 1102, 943, 1117,
       929, 1116, 943, 1133, 909, 1131, 923, 1130, 936, 1129, 951, 1128,
       959, 1344, 980, 1352, 938, 1360, 897, 1319, 986, 1304, 984, 1289,
       982, 1275, 981, 1336, 970, 1339, 951, 1342, 934, 1345, 916, 1349,
       901, 1352, 883, 1321, 968, 1293, 964, 1263, 961, 1231, 959, 1199,
       956, 1164, 953, 1148, 935, 1183, 937, 1217, 939, 1250, 942, 1281,
       946, 1311, 949, 1169, 919, 1203, 921, 1237, 923, 1269, 926, 1299,
       929, 1329, 933, 1153, 901, 1188, 902, 1222, 905, 1256, 907, 1287,
       910, 1318, 914, 1172, 884, 1207, 887, 1241, 889, 1275, 893, 1305,
       896, 1336, 898, 1339, 882, 1324, 881, 1308, 879, 1292, 877, 1277,
       876, 1261, 874, 1244, 873, 1226, 871, 1124, 875, 1109, 875, 1094,
       875, 1080, 874, 1065, 874, 1049, 874, 1041, 921, 1041, 935, 1040,
       949, 1026, 921, 1011, 921, 997, 921, 982, 921, 966, 921, 1026,
       935, 1011, 935, 997, 935, 981, 935, 966, 936, 1026, 949, 1011,
       949, 996, 949, 981, 949, 967, 949, 1032, 957, 1018, 957, 1003,
       957, 988, 956, 974, 956, 1115, 958, 1101, 958, 1087, 958, 1072,
       957, 1146, 952, 1466, 894, 1464, 903, 1454, 946, 1451, 956, 1440,
       1004, 1437, 1015, 1641, 906, 1638, 921, 1621, 988, 1617, 1003,
       1594, 1082, 1589, 1096, 1839, 983, 1838, 969, 1845, 953, 1863,
       1008, 1880, 1085, 1869, 1119, 1842, 1247, 1832, 1277, 1411, 893,
       1550, 897, 1402, 939, 1542, 963, 1392, 988, 1520, 1037, 1786,
       1416 ]
